67062798
67065888
67058898
67060118
67062008
67061668
67062828
67061778
67057618
66077608
67061798
66092628
67061928
67060778
67016918
67061228
67060898
67061298
67050658
67025638
67061188
67058558
67061028
67058828
67060278
67059788
67051218
67059268
67058298
67026208
67022558
67056188
67058838
67056528
67059598
67050808
67018268
67025288
67059128
67052028
67021798
67058578
67027258
67020898
67059678
67059278
67020608
67057768
67050928
67058178
67022768
67018728
67022758
67050538
67020168
66097838
67057668
67029118
67051038
67058568
67051598
67058688
67057578
67027578
67019718
67019728
67050178
67056798
67026558
67020208
67057518
67025118
67029188
67057268
67055758
67010258
67056868
67056928
67055138
67056898
67020928
67058008
67056568
67056678
67055668
67022198
67055258
67050638
67055708
67057088
67021728
67018168
67055838
67050168
67019608
67026538
67028868
67029928
66080588
67055568
67051028
67026568
67050298
67022678
67022858
67019628
66080208
67050588
67029108
67028828
67056258
67021988
67026178
67022288
67052598
67017018
67050878
66081838
67029858
67055058
67052898
67029288
67021078
67015238
67050978
67027968
67028218
67007608
66082298
67006998
67029538
67052958
67051158
67012968
67029978
67029988
67051138
67027768
67051738
67021178
67026698
67025788
67051278
67052918
67028708
67050618
67051228
67027838
67050918
67051538
67025908
67051268
67050698
67051068
67011878
67029878
67027698
67018108
67028758
67029138
67002218
67050108
67050578
67050068
67050778
67020738
67011828
67050828
67029938
67029518
67028178
67019898
67029998
67028288
67029898
67026228
67007068
67026928
67029758
67027638
67029558
67029218
67019118
67025898
67002028
67008218
67028188
67028008
67022638
67006978
67016528
67025058
67025578
67025928
67027928
67027238
67025208
67027878
67022188
67027868
66076528
67027918
67028058
67015718
67022688
67022028
67010878
67020258
67020158
67026598
67016708
67021628
67025918
67026188
67026588
67025818
67005508
67011298
67021868
67025988
67025628
67026168
67025708
67019708
67025808
67025278
67025158
67025608
67020028
67022708
66091868
67017878
67021908
67025558
67008188
67020178
67020298
67001158
67021688
67020778
67022018
67025088
67018658
67009898
67019588
67020988
67022828
67022588
67022928
67020538
67008598
67022868
67022958
67022268
66088638
67022298
67022158
67020968
67021858
66070808
67022278
66096958
67018878
67021568
67008178
67021118
67022118
67021508
66091228
66095958
67020878
67021758
67015708
67012008
67019838
67021268
67016088
67021198
67019938
67020238
67019098
67020978
67016038
67018628
66088998
67020108
67020678
67019068
66072728
67016768
67016938
67012588
67021008
67008278
67020088
67020838
67020598
67011968
67018288
67016208
67019268
67020618
67015998
67011768
67018278
67016758
66077008
67008608
67018758
67019078
67018188
66075038
67017938
67018598
67011798
67012708
67018178
67018228
67012268
67011728
67017528
67016738
67007258
67010268
67015938
66082738
66098598
67005098
67017858
67009268
67017768
67017698
67008738
67012778
67012728
66099858
66072588
67017278
67007218
67017268
67016858
67017838
67017668
67017058
67010098
67016838
67010738
66066558
67011618
67012158
67011708
67016728
65011208
67012878
67017538
67009828
66089228
67011178
67012568
67011818
67017138
67015788
66099598
67015038
67015628
67002738
67015118
67016168
67012018
67011018
67011688
67005798
67016078
67009878
67011608
67001718
67016588
67011118
67012078
67016688
67010058
67016228
67015578
67012108
67015858
67012178
67015178
67015698
67009998
67006518
67005578
67009978
67009988
67002988
67006198
66072698
67009598
67011028
67006268
67002288
66069158
67015298
67012238
67012838
67015638
67012958
66097698
67010578
67010038
67012668
67012088
67009968
67007898
67005518
67009778
67010168
67010238
67010868
67002868
67008018
67011198
67011058
67010108
67009758
67009928
66089208
67011158
67008558
67007198
67007178
67009518
66075218
66080128
67007158
67007078
67009768
67009188
67009178
66098608
67009918
67010178
67009638
66089738
67010288
67009008
67010028
67009908
67010568
67007668
67006668
67009088
67007888
67007708
67008778
67007738
67007728
67006278
67009608
67008108
67006208
66091908
67009218
67008068
67008638
67000628
67001628
67007658
66071858
67001788
67006228
67008118
67007938
67008658
67005968
66071088
66092768
67002888
67006138
67006508
67001958
67005628
67005878
66099898
66079128
67008008
67007968
67007538
66087258
67006558
66092938
67006608
66079768
66099688
66098938
67006778
66088578
67006658
67007118
67005758
67002678
67005778
67005678
66080518
67001288
66097708
67002928
67002588
66099508
66088888
67002118
67002108
67002168
67001978
67001088
67001968
66079968
67000528
67001658
67000778
67000128
67000958
67000918
67000538
66099988
67000018
67000218
67000288
66095978
66079288
66097538
67000928
67000118
65016998
66099288
67000178
66099768
66099928
66099298
66099058
66095268
66082668
66092988
60821778
66026808
66099178
66096638
66098958
66092278
66077618
66092718
66098128
66095238
66096168
66085018
66098768
66097638
66066768
66077298
66077018
66072758
65088918
66089638
66089608
66097918
66095198
66097618
66092058
66097978
66089118
66097058
66095158
66085788
66082508
66070788
66077728
66097578
66097628
66097188
66097198
66085078
66075888
66097588
66095618
66072998
66087508
66096678
66097168
66096898
66095228
66076988
66091288
66096858
66096188
66096758
66096518
66090828
66071298
66092998
66092868
66095738
66092898
66095658
66095558
66091578
66095098
66092958
66091958
66090868
66080578
66082208
66092508
66091668
66076058
66091108
66080618
66067698
66081108
66087528
66090638
66077168
66070668
66072638
66079528
66029288
66088268
66029638
66082268
66077918
66087798
66081558
66052098
66081778
66080168
66077908
66085088
66082568
66077958
66085008
66081978
66081678
66086168
66080638
66076968
66078708
66025998
66080098
66067218
66066618
66082038
66075278
66076108
66080598
66075778
66070678
66079708
66078028
66078918
66077038
66080668
66076618
66081188
66079588
66068118
66076178
66065278
66079698
66081238
66081288
66072058
66079568
66080768
66080878
66079618
66080278
66079898
66080658
66071908
66071218
60821528
66079008
66078528
66072688
66069288
66077978
66079188
66076928
66075978
66051908
66075788
66075838
66068128
66078188
66075628
66078608
66070958
66076098
65052708
66076558
66067278
66075568
66027918
66069818
66076658
66075508
66078258
66077588
66078238
66078998
66075118
66077868
66078508
66078038
66072628
66078588
66076208
66077768
66071868
77661168
66076978
66062668
66077028
66067088
66067898
66020598
65050198
66076878
66052828
66076798
66071258
66076678
66070658
66072578
66076518
66077568
66077698
66021518
66077518
66071818
66070628
66075108
66071578
83858385
66075208
66072958
66072288
66076608
63092858
66072668
66061288
63079968
66077598
66076268
66075688
66070298
66075538
66072678
66075068
66067988
66062628
66072608
66072038
66072908
66018758
66075098
63022598
66070768
66070078
66076018
66072808
66068908
66029678
66076818
66070208
66071938
66072718
65021118
66071278
66071228
66071668
66069078
66029218
66029778
66071678
66072888
66072878
66072258
66072558
66072658
66067178
66072188
66072568
66072138
66069698
66019238
66072128
66071808
66071538
66065518
66071718
66070988
66067518
66072978
66052218
66072988
66050178
66070558
66058018
66069678
66066218
66071528
63091508
66071588
66069038
66069738
66072598
66020088
65017918
66071118
66029228
66070938
66021278
66068968
66029728
66068688
66067668
66067558
66020238
66069868
66071058
66021618
66018058
66050608
66070698
66017928
66069588
66020128
66070518
66066728
66069188
66061898
66069058
66061528
66052688
66069068
66068158
66068038
66070028
66070178
66067888
66061708
66062098
66061778
66069228
66069168
66067688
66067168
66066578
66067568
66055858
66068758
66028698
66061688
66067998
66068678
66067918
66060788
65018728
66026908
66068168
66058068
66068568
66067288
66008178
66066638
66066998
66066608
66066718
65029808
66067028
66067818
66067708
66051958
66068618
66061818
66052718
66021908
66062608
66028958
66067908
66067018
66065188
66026108
66060728
66066288
66027018
66066628
66065258
66061568
66022938
66052238
66061918
66061888
66066888
66051018
66062068
66019838
65027238
66065288
66066778
66062238
66055988
66052178
66052838
66052618
66052708
66055078
66052558
66051038
66052988
66055738
66058078
66027128
66029918
66021918
66028928
66029008
66050838
65089118
66028688
66019738
69898788
66051088
66019888
66029518
66029658
65088558
66029898
66051678
66051298
66029198
66028168
66050798
66019538
66020758
66051638
66026738
66027158
66050628
66050028
66050778
66050528
66020608
66020538
66008278
66029928
66028938
66017888
66019068
66029768
65008788
66028768
66022838
66028678
65017768
66026578
66020658
65019118
66025018
66026918
65058828
66026258
66021998
66021298
66020078
66010058
66019768
66020708
66021788
66026688
66021038
66021828
66019878
66016808
66019078
65011828
66016918
66017058
66020028
66021218
66019568
66020288
66020668
66021028
66019718
66019108
66018068
66018608
66020698
66019518
66018538
66008228
66016928
66018158
66017998
66017718
66009758
65022828
66018668
66018298
66011638
66017898
66010078
66010088
66018778
66008568
65018918
66009608
65072518
66009638
65089758
65088938
66009618
66008268
63099538
66017908
66017638
66010018
65077158
66009588
65058198
65088968
65029018
65089218
65026208
62026138
65018128
65088528
65052908
65082258
63020578
65080978
65085098
65050058
65029818
65082928
65077898
65075728
65060128
65017538
65011028
65028638
65017688
65025008
65029728
65022038
65011268
65026188
65029878
65020928
65022288
65016798
65001138
65028988
65018678
65026088
65012258
65017188
65020758
65010588
65020018
65019978
65025718
65020008
65025708
65025988
63088918
62072868
65022868
65001268
65009168
65011988
65022028
65016108
65017108
65021198
65012708
65012138
89318150
65017088
65018218
65012588
65015988
65019628
63069978
65018998
65017798
65018658
65016128
65012058
65017508
65012818
65011968
65015858
65012858
65016228
65010968
65018088
65017288
65009988
63026118
65012908
65012928
65006298
65009788
65009228
65008228
65011258
65002268
63097808
65015618
65010208
65007138
65010288
65010238
65011738
63087928
65009008
63097838
65008828
65011578
65010758
65008918
63092638
63097028
65009028
63086188
65009128
67856728
65009928
63098198
65009958
65009978
65000068
19890616
60005018
65000028
65008808
65000628
65006078
63088208
63095698
63070208
63091788
65627732
63099038
65000228
63090278
63091638
63095598
63089598
63067598
63089268
63091058
62096868
63085508
63085918
63087168
63070758
63071228
63089868
63087678
63086588
63061208
63072758
63065688
63089578
63086058
63077138
63078668
63085578
63089518
63088718
63089258
63088888
63085588
63089238
63085528
63077038
63087698
63021788
63077188
63086268
63085088
63085028
63085228
63082808
63078728
63075538
63076718
63071938
63071838
63012938
63068858
63071608
63057898
63072668
63069278
69836998
63071268
63068228
63071588
63070878
63066998
62055138
63070228
63057918
63068608
63070618
63057738
63056528
63069258
63066818
63069768
63059968
63029778
62068878
63057658
63060078
63068028
63025038
63059098
63066978
63066968
62095778
63058688
63058068
62099508
63001038
63060538
63058018
62075028
63057258
63056258
63020008
63019178
63059558
63021638
69836318
63018958
63059058
63059158
63019588
63057288
63026018
63025628
63028178
63029978
63055098
63021978
63055038
63025578
63027008
63022168
63015678
63002178
63027628
63018698
63000838
63026208
62099868
63027158
63022028
63005988
62097868
63019198
63021628
63008768
63010788
62095978
63019098
63020908
66856788
62017938
63002558
60027928
62096638
63012728
63005288
63010828
63011038
63001008
63002218
63008758
62075578
63000058
69898168
63002588
62099188
63001528
62092828
63000938
62099888
63000668
63000098
62097128
62096978
62099538
62099628
62097778
62099788
62099528
62096778
62097158
62095168
62087218
62097268
62090638
62099518
62098918
62097298
62097818
62087938
60089218
62092538
62089688
62089678
62077588
62089588
69891058
62089698
62091818
62086768
62087058
62087718
62087038
62086698
62086688
62087768
62086978
62086958
62025608
62079218
62086878
62086638
69897018
62080118
62079598
62071868
62069568
62076558
62077198
62076638
62016268
62016898
62058938
62072008
60822818
67857008
62071588
62070088
62067138
62070518
62022958
62051758
62020668
62061058
62069598
62022738
62055168
62016638
62050618
62067508
62021558
62020658
62020108
62021188
62018988
62017968
60006778
62052618
60814878
62006218
62055118
62026008
60006008
62000858
60827818
62015878
62001008
62001718
62016598
60085058
62012998
69885828
62005298
60017598
60059188
69897638
68844718
60008118
69896828
69896788
65895598
69895708
69897138
69892828
69898028
69896208
69892228
69895858
69887508
69890968
69828618
69873578
69868998
69866518
69834158
69883228
69838268
69862488
69871758
60820918
69853488
69829388
68839368
67854888
69829488
69829008
68843568
69829628
68841278
67812698
68844268
69821988
69821778
68839568
68841708
68844508
68843908
68839728
68839628
68839668
67855968
68848198
68839698
61847808
68842568
68843298
68839758
68840628
68843008
61846868
68844558
66893268
68848568
68839998
68842908
66893288
68844478
68845168
67811688
68843188
68841678
68842798
60820858
67812568
67855828
66840428
66852778
60828498
60824798
60830798
60831358
60823918
60831208
60822698
60807958
61887218
60828278
60821708
61880218
60807908
61845468
61891098
60822228
60821268
60820968
60820798
61883598
60818758
61898968
60818398
60812278
60801278
60812808
60813468
61899868
61856528
60803768
60806558
60801818
61898958
61891658
61881358
61899818
61847508
61889908
61845488
61835108

